WIDTH 7
HEIGHT 7
BOARD:
F F T T T F F 
F F T T T F F 
T T T T T T T 
T T T T T T T 
T T T T T T T 
F F T T T F F 
F F T T T F F 
START:
 , ,1,0,1, , ,
 , ,1,1,1, , ,
1,0,0,1,1,1,0,
0,1,0,1,0,1,1,
0,1,1,1,0,0,1,
 , ,0,1,0, , ,
 , ,0,0,0, , ,
END:
 , ,1,0,1, , ,
 , ,0,0,1, , ,
0,1,1,1,0,0,0,
1,1,0,0,1,1,0,
0,1,1,0,1,1,0,
 , ,0,0,0, , ,
 , ,0,0,1, , ,
PAGODA:
 , ,1,0,1, , ,
 , ,1,2,1, , ,
0,1,1,1,2,3,0,
3,1,2,2,1,1,0,
2,1,3,1,3,3,0,
 , ,1,3,0, , ,
 , ,2,1,3, , ,
START:
 , ,1,1,0, , ,
 , ,1,0,1, , ,
1,1,0,0,1,1,1,
1,1,1,0,0,0,0,
1,0,1,0,0,1,1,
 , ,1,1,0, , ,
 , ,0,0,0, , ,
END:
 , ,1,0,0, , ,
 , ,1,1,0, , ,
1,1,0,0,1,1,0,
1,0,1,1,0,1,0,
0,0,0,0,0,1,0,
 , ,0,1,1, , ,
 , ,0,1,0, , ,
PAGODA:
 , ,1,2,2, , ,
 , ,1,3,1, , ,
1,2,1,3,3,4,0,
1,1,2,3,2,3,0,
0,2,2,2,2,3,0,
 , ,1,1,1, , ,
 , ,1,1,1, , ,
START:
 , ,1,1,0, , ,
 , ,1,0,1, , ,
1,1,0,0,1,1,1,
1,1,1,0,0,0,0,
1,0,1,0,0,1,1,
 , ,1,1,0, , ,
 , ,0,0,0, , ,
END:
 , ,1,0,0, , ,
 , ,1,1,0, , ,
1,1,0,0,1,1,0,
1,0,1,1,0,1,0,
0,0,0,0,0,1,0,
 , ,0,1,1, , ,
 , ,0,1,0, , ,
PAGODA:
 , ,1,2,2, , ,
 , ,1,3,1, , ,
1,2,1,3,3,4,0,
1,1,2,3,2,3,0,
0,2,2,2,2,3,0,
 , ,1,1,1, , ,
 , ,1,1,1, , ,
START:
 , ,1,1,0, , ,
 , ,1,0,1, , ,
1,1,0,0,1,1,1,
1,1,1,0,0,0,0,
1,0,1,0,0,1,1,
 , ,1,1,0, , ,
 , ,0,0,0, , ,
END:
 , ,1,0,0, , ,
 , ,1,1,0, , ,
1,1,0,0,1,1,0,
1,0,1,1,0,1,0,
0,0,0,0,0,1,0,
 , ,0,1,1, , ,
 , ,0,1,0, , ,
PAGODA:
 , ,1,2,2, , ,
 , ,1,3,1, , ,
1,2,1,3,3,4,0,
1,1,2,3,2,3,0,
0,2,2,2,2,3,0,
 , ,1,1,1, , ,
 , ,1,1,1, , ,
START:
 , ,1,1,0, , ,
 , ,1,0,1, , ,
1,1,0,0,1,1,1,
1,1,1,0,0,0,0,
1,0,1,0,0,1,1,
 , ,1,1,0, , ,
 , ,0,0,0, , ,
END:
 , ,1,0,0, , ,
 , ,1,1,0, , ,
1,1,0,0,1,1,0,
1,0,1,1,0,1,0,
0,0,0,0,0,1,0,
 , ,0,1,1, , ,
 , ,0,1,0, , ,
PAGODA:
 , ,1,2,2, , ,
 , ,1,3,1, , ,
1,2,1,3,3,4,0,
1,1,2,3,2,3,0,
0,2,2,2,2,3,0,
 , ,1,1,1, , ,
 , ,1,1,1, , ,
START:
 , ,1,1,0, , ,
 , ,1,0,1, , ,
1,1,0,0,1,1,1,
1,1,1,0,0,0,0,
1,0,1,0,0,1,1,
 , ,1,1,0, , ,
 , ,0,0,0, , ,
END:
 , ,1,0,0, , ,
 , ,1,1,0, , ,
1,1,0,0,1,1,0,
1,0,1,1,0,1,0,
0,0,0,0,0,1,0,
 , ,0,1,1, , ,
 , ,0,1,0, , ,
PAGODA:
 , ,1,2,2, , ,
 , ,1,3,1, , ,
1,2,1,3,3,4,0,
1,1,2,3,2,3,0,
0,2,2,2,2,3,0,
 , ,1,1,1, , ,
 , ,1,1,1, , ,
START:
 , ,1,1,0, , ,
 , ,1,0,1, , ,
1,1,0,0,1,1,1,
1,1,1,0,0,0,0,
1,0,1,0,0,1,1,
 , ,1,1,0, , ,
 , ,0,0,0, , ,
END:
 , ,1,0,0, , ,
 , ,1,1,0, , ,
1,1,0,0,1,1,0,
1,0,1,1,0,1,0,
0,0,0,0,0,1,0,
 , ,0,1,1, , ,
 , ,0,1,0, , ,
PAGODA:
 , ,1,2,2, , ,
 , ,1,3,1, , ,
1,2,1,3,3,4,0,
1,1,2,3,2,3,0,
0,2,2,2,2,3,0,
 , ,1,1,1, , ,
 , ,1,1,1, , ,
START:
 , ,1,1,0, , ,
 , ,1,0,1, , ,
1,1,0,0,1,1,1,
1,1,1,0,0,0,0,
1,0,1,0,0,1,1,
 , ,1,1,0, , ,
 , ,0,0,0, , ,
END:
 , ,1,0,0, , ,
 , ,1,1,0, , ,
1,1,0,0,1,1,0,
1,0,1,1,0,1,0,
0,0,0,0,0,1,0,
 , ,0,1,1, , ,
 , ,0,1,0, , ,
PAGODA:
 , ,1,2,2, , ,
 , ,1,3,1, , ,
1,2,1,3,3,4,0,
1,1,2,3,2,3,0,
0,2,2,2,2,3,0,
 , ,1,1,1, , ,
 , ,1,1,1, , ,
START:
 , ,1,1,0, , ,
 , ,1,0,1, , ,
1,1,0,0,1,1,1,
1,1,1,0,0,0,0,
1,0,1,0,0,1,1,
 , ,1,1,0, , ,
 , ,0,0,0, , ,
END:
 , ,1,0,0, , ,
 , ,1,1,0, , ,
1,1,0,0,1,1,0,
1,0,1,1,0,1,0,
0,0,0,0,0,1,0,
 , ,0,1,1, , ,
 , ,0,1,0, , ,
PAGODA:
 , ,1,2,2, , ,
 , ,1,3,1, , ,
1,2,1,3,3,4,0,
1,1,2,3,2,3,0,
0,2,2,2,2,3,0,
 , ,1,1,1, , ,
 , ,1,1,1, , ,
START:
 , ,1,1,0, , ,
 , ,1,0,1, , ,
1,1,0,0,1,1,1,
1,1,1,0,0,0,0,
1,0,1,0,0,1,1,
 , ,1,1,0, , ,
 , ,0,0,0, , ,
END:
 , ,1,0,0, , ,
 , ,1,1,0, , ,
1,1,0,0,1,1,0,
1,0,1,1,0,1,0,
0,0,0,0,0,1,0,
 , ,0,1,1, , ,
 , ,0,1,0, , ,
PAGODA:
 , ,1,2,2, , ,
 , ,1,3,1, , ,
1,2,1,3,3,4,0,
1,1,2,3,2,3,0,
0,2,2,2,2,3,0,
 , ,1,1,1, , ,
 , ,1,1,1, , ,
START:
 , ,1,1,0, , ,
 , ,1,0,1, , ,
1,1,0,0,1,1,1,
1,1,1,0,0,0,0,
1,0,1,0,0,1,1,
 , ,1,1,0, , ,
 , ,0,0,0, , ,
END:
 , ,1,0,0, , ,
 , ,1,1,0, , ,
1,1,0,0,1,1,0,
1,0,1,1,0,1,0,
0,0,0,0,0,1,0,
 , ,0,1,1, , ,
 , ,0,1,0, , ,
PAGODA:
 , ,1,2,2, , ,
 , ,1,3,1, , ,
1,2,1,3,3,4,0,
1,1,2,3,2,3,0,
0,2,2,2,2,3,0,
 , ,1,1,1, , ,
 , ,1,1,1, , ,
START:
 , ,1,1,0, , ,
 , ,1,0,1, , ,
1,1,0,0,1,1,1,
1,1,1,0,0,0,0,
1,0,1,0,0,1,1,
 , ,1,1,0, , ,
 , ,0,0,0, , ,
END:
 , ,1,0,0, , ,
 , ,1,1,0, , ,
1,1,0,0,1,1,0,
1,0,1,1,0,1,0,
0,0,0,0,0,1,0,
 , ,0,1,1, , ,
 , ,0,1,0, , ,
PAGODA:
 , ,1,2,2, , ,
 , ,1,3,1, , ,
1,2,1,3,3,4,0,
1,1,2,3,2,3,0,
0,2,2,2,2,3,0,
 , ,1,1,1, , ,
 , ,1,1,1, , ,
START:
 , ,1,1,0, , ,
 , ,1,0,1, , ,
1,1,0,0,1,1,1,
1,1,1,0,0,0,0,
1,0,1,0,0,1,1,
 , ,1,1,0, , ,
 , ,0,0,0, , ,
END:
 , ,1,0,0, , ,
 , ,1,1,0, , ,
1,1,0,0,1,1,0,
1,0,1,1,0,1,0,
0,0,0,0,0,1,0,
 , ,0,1,1, , ,
 , ,0,1,0, , ,
PAGODA:
 , ,1,2,2, , ,
 , ,1,3,1, , ,
1,2,1,3,3,4,0,
1,1,2,3,2,3,0,
0,2,2,2,2,3,0,
 , ,1,1,1, , ,
 , ,1,1,1, , ,
START:
 , ,1,1,0, , ,
 , ,1,0,1, , ,
1,1,0,0,1,1,1,
1,1,1,0,0,0,0,
1,0,1,0,0,1,1,
 , ,1,1,0, , ,
 , ,0,0,0, , ,
END:
 , ,1,0,0, , ,
 , ,1,1,0, , ,
1,1,0,0,1,1,0,
1,0,1,1,0,1,0,
0,0,0,0,0,1,0,
 , ,0,1,1, , ,
 , ,0,1,0, , ,
PAGODA:
 , ,1,2,2, , ,
 , ,1,3,1, , ,
1,2,1,3,3,4,0,
1,1,2,3,2,3,0,
0,2,2,2,2,3,0,
 , ,1,1,1, , ,
 , ,1,1,1, , ,
START:
 , ,1,1,0, , ,
 , ,1,0,1, , ,
1,1,0,0,1,1,1,
1,1,1,0,0,0,0,
1,0,1,0,0,1,1,
 , ,1,1,0, , ,
 , ,0,0,0, , ,
END:
 , ,1,0,0, , ,
 , ,1,1,0, , ,
1,1,0,0,1,1,0,
1,0,1,1,0,1,0,
0,0,0,0,0,1,0,
 , ,0,1,1, , ,
 , ,0,1,0, , ,
PAGODA:
 , ,1,2,2, , ,
 , ,1,3,1, , ,
1,2,1,3,3,4,0,
1,1,2,3,2,3,0,
0,2,2,2,2,3,0,
 , ,1,1,1, , ,
 , ,1,1,1, , ,
START:
 , ,1,1,0, , ,
 , ,1,0,1, , ,
1,1,0,0,1,1,1,
1,1,1,0,0,0,0,
1,0,1,0,0,1,1,
 , ,1,1,0, , ,
 , ,0,0,0, , ,
END:
 , ,1,0,0, , ,
 , ,1,1,0, , ,
1,1,0,0,1,1,0,
1,0,1,1,0,1,0,
0,0,0,0,0,1,0,
 , ,0,1,1, , ,
 , ,0,1,0, , ,
PAGODA:
 , ,1,2,2, , ,
 , ,1,3,1, , ,
1,2,1,3,3,4,0,
1,1,2,3,2,3,0,
0,2,2,2,2,3,0,
 , ,1,1,1, , ,
 , ,1,1,1, , ,
START:
 , ,1,1,0, , ,
 , ,1,0,1, , ,
1,1,0,0,1,1,1,
1,1,1,0,0,0,0,
1,0,1,0,0,1,1,
 , ,1,1,0, , ,
 , ,0,0,0, , ,
END:
 , ,1,0,0, , ,
 , ,1,1,0, , ,
1,1,0,0,1,1,0,
1,0,1,1,0,1,0,
0,0,0,0,0,1,0,
 , ,0,1,1, , ,
 , ,0,1,0, , ,
PAGODA:
 , ,1,2,2, , ,
 , ,1,3,1, , ,
1,2,1,3,3,4,0,
1,1,2,3,2,3,0,
0,2,2,2,2,3,0,
 , ,1,1,1, , ,
 , ,1,1,1, , ,
START:
 , ,1,1,0, , ,
 , ,1,0,1, , ,
1,1,0,0,1,1,1,
1,1,1,0,0,0,0,
1,0,1,0,0,1,1,
 , ,1,1,0, , ,
 , ,0,0,0, , ,
END:
 , ,1,0,0, , ,
 , ,1,1,0, , ,
1,1,0,0,1,1,0,
1,0,1,1,0,1,0,
0,0,0,0,0,1,0,
 , ,0,1,1, , ,
 , ,0,1,0, , ,
PAGODA:
 , ,1,2,2, , ,
 , ,1,3,1, , ,
1,2,1,3,3,4,0,
1,1,2,3,2,3,0,
0,2,2,2,2,3,0,
 , ,1,1,1, , ,
 , ,1,1,1, , ,
START:
 , ,1,1,0, , ,
 , ,1,0,1, , ,
1,1,0,0,1,1,1,
1,1,1,0,0,0,0,
1,0,1,0,0,1,1,
 , ,1,1,0, , ,
 , ,0,0,0, , ,
END:
 , ,1,0,0, , ,
 , ,1,1,0, , ,
1,1,0,0,1,1,0,
1,0,1,1,0,1,0,
0,0,0,0,0,1,0,
 , ,0,1,1, , ,
 , ,0,1,0, , ,
PAGODA:
 , ,1,2,2, , ,
 , ,1,3,1, , ,
1,2,1,3,3,4,0,
1,1,2,3,2,3,0,
0,2,2,2,2,3,0,
 , ,1,1,1, , ,
 , ,1,1,1, , ,
START:
 , ,1,1,0, , ,
 , ,1,0,1, , ,
1,1,0,0,1,1,1,
1,1,1,0,0,0,0,
1,0,1,0,0,1,1,
 , ,1,1,0, , ,
 , ,0,0,0, , ,
END:
 , ,1,0,0, , ,
 , ,1,1,0, , ,
1,1,0,0,1,1,0,
1,0,1,1,0,1,0,
0,0,0,0,0,1,0,
 , ,0,1,1, , ,
 , ,0,1,0, , ,
PAGODA:
 , ,1,2,2, , ,
 , ,1,3,1, , ,
1,2,1,3,3,4,0,
1,1,2,3,2,3,0,
0,2,2,2,2,3,0,
 , ,1,1,1, , ,
 , ,1,1,1, , ,
START:
 , ,1,1,0, , ,
 , ,1,0,1, , ,
1,1,0,0,1,1,1,
1,1,1,0,0,0,0,
1,0,1,0,0,1,1,
 , ,1,1,0, , ,
 , ,0,0,0, , ,
END:
 , ,1,0,0, , ,
 , ,1,1,0, , ,
1,1,0,0,1,1,0,
1,0,1,1,0,1,0,
0,0,0,0,0,1,0,
 , ,0,1,1, , ,
 , ,0,1,0, , ,
PAGODA:
 , ,1,2,2, , ,
 , ,1,3,1, , ,
1,2,1,3,3,4,0,
1,1,2,3,2,3,0,
0,2,2,2,2,3,0,
 , ,1,1,1, , ,
 , ,1,1,1, , ,
START:
 , ,1,1,0, , ,
 , ,1,0,1, , ,
1,1,0,0,1,1,1,
1,1,1,0,0,0,0,
1,0,1,0,0,1,1,
 , ,1,1,0, , ,
 , ,0,0,0, , ,
END:
 , ,1,0,0, , ,
 , ,1,1,0, , ,
1,1,0,0,1,1,0,
1,0,1,1,0,1,0,
0,0,0,0,0,1,0,
 , ,0,1,1, , ,
 , ,0,1,0, , ,
PAGODA:
 , ,1,2,2, , ,
 , ,1,3,1, , ,
1,2,1,3,3,4,0,
1,1,2,3,2,3,0,
0,2,2,2,2,3,0,
 , ,1,1,1, , ,
 , ,1,1,1, , ,
START:
 , ,1,1,0, , ,
 , ,1,0,1, , ,
1,1,0,0,1,1,1,
1,1,1,0,0,0,0,
1,0,1,0,0,1,1,
 , ,1,1,0, , ,
 , ,0,0,0, , ,
END:
 , ,1,0,0, , ,
 , ,1,1,0, , ,
1,1,0,0,1,1,0,
1,0,1,1,0,1,0,
0,0,0,0,0,1,0,
 , ,0,1,1, , ,
 , ,0,1,0, , ,
PAGODA:
 , ,1,2,2, , ,
 , ,1,3,1, , ,
1,2,1,3,3,4,0,
1,1,2,3,2,3,0,
0,2,2,2,2,3,0,
 , ,1,1,1, , ,
 , ,1,1,1, , ,
START:
 , ,1,1,0, , ,
 , ,1,0,1, , ,
1,1,0,0,1,1,1,
1,1,1,0,0,0,0,
1,0,1,0,0,1,1,
 , ,1,1,0, , ,
 , ,0,0,0, , ,
END:
 , ,1,0,0, , ,
 , ,1,1,0, , ,
1,1,0,0,1,1,0,
1,0,1,1,0,1,0,
0,0,0,0,0,1,0,
 , ,0,1,1, , ,
 , ,0,1,0, , ,
PAGODA:
 , ,1,2,2, , ,
 , ,1,3,1, , ,
1,2,1,3,3,4,0,
1,1,2,3,2,3,0,
0,2,2,2,2,3,0,
 , ,1,1,1, , ,
 , ,1,1,1, , ,
START:
 , ,1,1,0, , ,
 , ,1,0,1, , ,
1,1,0,0,1,1,1,
1,1,1,0,0,0,0,
1,0,1,0,0,1,1,
 , ,1,1,0, , ,
 , ,0,0,0, , ,
END:
 , ,1,0,0, , ,
 , ,1,1,0, , ,
1,1,0,0,1,1,0,
1,0,1,1,0,1,0,
0,0,0,0,0,1,0,
 , ,0,1,1, , ,
 , ,0,1,0, , ,
PAGODA:
 , ,1,2,2, , ,
 , ,1,3,1, , ,
1,2,1,3,3,4,0,
1,1,2,3,2,3,0,
0,2,2,2,2,3,0,
 , ,1,1,1, , ,
 , ,1,1,1, , ,
START:
 , ,1,1,0, , ,
 , ,1,0,1, , ,
1,1,0,0,1,1,1,
1,1,1,0,0,0,0,
1,0,1,0,0,1,1,
 , ,1,1,0, , ,
 , ,0,0,0, , ,
END:
 , ,1,0,0, , ,
 , ,1,1,0, , ,
1,1,0,0,1,1,0,
1,0,1,1,0,1,0,
0,0,0,0,0,1,0,
 , ,0,1,1, , ,
 , ,0,1,0, , ,
PAGODA:
 , ,1,2,2, , ,
 , ,1,3,1, , ,
1,2,1,3,3,4,0,
1,1,2,3,2,3,0,
0,2,2,2,2,3,0,
 , ,1,1,1, , ,
 , ,1,1,1, , ,
START:
 , ,1,1,0, , ,
 , ,1,0,1, , ,
1,1,0,0,1,1,1,
1,1,1,0,0,0,0,
1,0,1,0,0,1,1,
 , ,1,1,0, , ,
 , ,0,0,0, , ,
END:
 , ,1,0,0, , ,
 , ,1,1,0, , ,
1,1,0,0,1,1,0,
1,0,1,1,0,1,0,
0,0,0,0,0,1,0,
 , ,0,1,1, , ,
 , ,0,1,0, , ,
PAGODA:
 , ,1,2,2, , ,
 , ,1,3,1, , ,
1,2,1,3,3,4,0,
1,1,2,3,2,3,0,
0,2,2,2,2,3,0,
 , ,1,1,1, , ,
 , ,1,1,1, , ,
