WIDTH 7
HEIGHT 7
BOARD:
F F T T T F F 
F F T T T F F 
T T T T T T T 
T T T T T T T 
T T T T T T T 
F F T T T F F 
F F T T T F F 
START:
 , ,1,1,1, , ,
 , ,1,1,1, , ,
1,1,0,1,0,0,1,
0,0,1,0,1,0,1,
0,0,0,1,0,1,1,
 , ,0,1,0, , ,
 , ,0,1,0, , ,
END:
 , ,1,0,1, , ,
 , ,0,0,0, , ,
1,1,0,1,0,1,0,
1,1,1,0,0,1,1,
1,0,1,1,0,0,0,
 , ,0,0,1, , ,
 , ,0,0,0, , ,
PAGODA:
 , ,1,0,1, , ,
 , ,0,1,0, , ,
1,1,1,1,1,1,0,
1,1,1,1,0,1,1,
1,0,1,1,1,1,0,
 , ,1,2,1, , ,
 , ,0,2,0, , ,
START:
 , ,1,1,0, , ,
 , ,1,1,1, , ,
0,0,1,1,0,0,1,
0,0,0,0,0,1,1,
0,1,1,0,1,1,1,
 , ,1,1,0, , ,
 , ,0,1,1, , ,
END:
 , ,0,1,1, , ,
 , ,1,1,0, , ,
0,0,0,1,1,1,0,
1,0,1,1,1,0,0,
0,0,0,1,0,0,1,
 , ,0,0,1, , ,
 , ,0,0,0, , ,
PAGODA:
 , ,0,1,1, , ,
 , ,3,3,3, , ,
1,1,2,2,4,4,0,
2,1,3,3,4,2,2,
0,2,2,2,1,2,1,
 , ,2,2,4, , ,
 , ,0,2,0, , ,
START:
 , ,0,0,0, , ,
 , ,1,0,1, , ,
1,0,1,0,0,1,1,
1,0,1,1,0,1,0,
1,1,0,0,0,0,1,
 , ,1,0,1, , ,
 , ,1,1,1, , ,
END:
 , ,0,0,1, , ,
 , ,1,0,0, , ,
1,1,1,1,1,1,1,
0,0,0,0,0,0,0,
0,1,0,0,1,0,1,
 , ,0,1,1, , ,
 , ,0,1,0, , ,
PAGODA:
 , ,2,2,1, , ,
 , ,1,1,1, , ,
1,1,1,1,2,1,1,
0,2,0,2,2,1,1,
1,1,1,1,1,2,1,
 , ,0,1,1, , ,
 , ,1,1,0, , ,
START:
 , ,0,0,1, , ,
 , ,1,1,1, , ,
0,1,0,1,0,0,1,
0,0,1,0,1,0,1,
0,0,1,1,1,0,1,
 , ,1,1,1, , ,
 , ,1,1,0, , ,
END:
 , ,1,1,1, , ,
 , ,1,1,1, , ,
1,1,0,0,1,0,0,
1,0,0,0,0,1,0,
0,0,0,0,1,1,0,
 , ,1,0,0, , ,
 , ,0,0,0, , ,
PAGODA:
 , ,1,1,1, , ,
 , ,2,1,3, , ,
1,1,2,2,3,4,0,
1,1,0,1,0,1,0,
0,2,2,1,3,4,0,
 , ,1,1,2, , ,
 , ,2,1,1, , ,
START:
 , ,0,1,1, , ,
 , ,0,0,1, , ,
0,1,0,0,1,1,0,
1,0,0,0,0,1,1,
1,1,1,0,1,0,1,
 , ,0,1,0, , ,
 , ,1,1,1, , ,
END:
 , ,1,1,1, , ,
 , ,0,0,0, , ,
0,0,0,0,1,1,0,
1,0,0,1,0,0,0,
1,0,1,1,0,1,0,
 , ,1,0,1, , ,
 , ,0,1,1, , ,
PAGODA:
 , ,1,1,1, , ,
 , ,2,1,1, , ,
2,0,2,2,1,1,0,
1,2,1,1,1,2,0,
3,0,3,3,1,3,0,
 , ,1,0,1, , ,
 , ,2,3,1, , ,
START:
 , ,1,1,1, , ,
 , ,1,1,0, , ,
1,0,1,1,0,1,0,
1,0,1,1,0,0,0,
1,0,0,1,0,0,0,
 , ,1,1,0, , ,
 , ,1,0,1, , ,
END:
 , ,0,1,1, , ,
 , ,1,0,1, , ,
0,0,0,1,0,1,1,
0,0,1,1,0,0,1,
1,0,1,1,1,1,0,
 , ,0,0,0, , ,
 , ,0,0,0, , ,
PAGODA:
 , ,0,3,1, , ,
 , ,2,1,3, , ,
0,2,2,3,3,3,1,
1,0,1,1,1,0,1,
1,2,1,3,3,3,0,
 , ,0,3,3, , ,
 , ,1,1,1, , ,
START:
 , ,0,1,1, , ,
 , ,1,0,1, , ,
0,1,0,0,1,0,1,
1,1,1,0,0,0,0,
1,1,1,1,0,0,0,
 , ,0,1,1, , ,
 , ,1,1,1, , ,
END:
 , ,1,0,1, , ,
 , ,0,1,1, , ,
1,1,0,1,0,1,0,
0,0,1,1,0,0,0,
0,0,0,0,0,0,0,
 , ,0,1,1, , ,
 , ,1,0,1, , ,
PAGODA:
 , ,1,0,1, , ,
 , ,2,3,1, , ,
1,1,2,2,2,3,0,
2,1,1,1,2,2,0,
0,1,1,1,0,1,0,
 , ,2,1,2, , ,
 , ,1,0,1, , ,
START:
 , ,1,1,0, , ,
 , ,1,1,0, , ,
0,0,1,0,0,0,0,
1,1,0,1,0,1,1,
1,0,0,1,1,0,1,
 , ,1,1,1, , ,
 , ,0,0,1, , ,
END:
 , ,1,0,1, , ,
 , ,0,1,0, , ,
0,0,0,1,1,1,1,
0,0,1,1,0,1,0,
0,0,0,1,1,0,1,
 , ,1,0,1, , ,
 , ,0,0,0, , ,
PAGODA:
 , ,1,0,1, , ,
 , ,0,1,0, , ,
0,1,1,1,1,1,1,
1,2,1,1,0,1,0,
0,2,1,1,1,0,1,
 , ,1,0,1, , ,
 , ,0,1,0, , ,
START:
 , ,0,0,1, , ,
 , ,1,1,1, , ,
1,1,0,1,0,1,0,
0,0,1,0,1,1,1,
0,0,1,1,0,1,1,
 , ,0,1,0, , ,
 , ,0,1,0, , ,
END:
 , ,0,0,1, , ,
 , ,0,1,0, , ,
1,0,0,0,0,1,1,
1,0,0,1,1,1,0,
1,0,1,1,0,0,0,
 , ,1,0,1, , ,
 , ,1,0,0, , ,
PAGODA:
 , ,1,0,1, , ,
 , ,0,1,0, , ,
1,0,1,1,1,1,1,
1,1,0,1,1,1,1,
1,0,1,1,1,1,2,
 , ,1,0,1, , ,
 , ,1,1,0, , ,
START:
 , ,1,1,0, , ,
 , ,1,1,0, , ,
1,1,0,1,0,0,1,
1,0,1,0,1,1,1,
0,0,1,1,0,0,0,
 , ,1,0,0, , ,
 , ,0,1,1, , ,
END:
 , ,0,1,1, , ,
 , ,0,0,1, , ,
1,0,0,0,1,1,0,
0,0,1,1,0,1,0,
0,1,0,0,1,1,0,
 , ,0,1,1, , ,
 , ,0,0,1, , ,
PAGODA:
 , ,0,1,1, , ,
 , ,2,1,1, , ,
2,0,2,1,1,1,0,
1,1,1,1,0,1,0,
1,1,1,0,1,1,0,
 , ,0,1,1, , ,
 , ,1,0,1, , ,
START:
 , ,1,1,0, , ,
 , ,0,0,0, , ,
1,1,0,0,0,0,0,
1,1,0,1,1,0,0,
1,1,1,1,1,1,1,
 , ,0,0,1, , ,
 , ,0,1,1, , ,
END:
 , ,0,1,1, , ,
 , ,0,0,1, , ,
0,1,0,1,0,0,1,
0,0,0,1,0,1,0,
0,0,0,1,1,1,1,
 , ,0,0,1, , ,
 , ,1,1,0, , ,
PAGODA:
 , ,0,1,1, , ,
 , ,1,0,1, , ,
0,1,1,1,2,2,1,
1,1,2,1,2,2,0,
0,1,0,1,1,1,1,
 , ,2,1,1, , ,
 , ,1,1,0, , ,
START:
 , ,0,0,1, , ,
 , ,1,1,1, , ,
1,0,1,0,1,1,1,
0,1,0,0,0,0,1,
1,1,1,0,1,0,0,
 , ,0,1,1, , ,
 , ,0,0,1, , ,
END:
 , ,0,0,1, , ,
 , ,0,1,0, , ,
1,1,1,1,0,0,1,
1,0,0,0,0,1,0,
0,1,0,0,0,1,0,
 , ,1,0,1, , ,
 , ,1,0,1, , ,
PAGODA:
 , ,1,0,1, , ,
 , ,2,2,0, , ,
1,1,1,1,1,0,1,
2,0,2,1,1,1,0,
0,1,1,2,1,1,1,
 , ,2,1,1, , ,
 , ,1,2,1, , ,
START:
 , ,1,0,1, , ,
 , ,0,1,0, , ,
0,0,1,1,1,0,1,
0,1,0,0,1,1,1,
1,0,1,1,1,1,0,
 , ,1,0,1, , ,
 , ,0,1,0, , ,
END:
 , ,0,1,1, , ,
 , ,0,1,0, , ,
0,1,1,0,0,1,0,
0,0,1,1,1,0,1,
0,1,1,0,0,1,0,
 , ,0,0,0, , ,
 , ,0,0,1, , ,
PAGODA:
 , ,0,1,1, , ,
 , ,1,1,1, , ,
0,1,1,1,2,2,0,
1,0,1,1,1,0,1,
0,1,1,1,1,2,0,
 , ,0,0,0, , ,
 , ,1,1,1, , ,
START:
 , ,0,0,1, , ,
 , ,1,1,0, , ,
1,0,0,0,0,0,1,
1,0,0,1,1,1,1,
0,1,1,0,1,1,1,
 , ,0,1,0, , ,
 , ,1,1,0, , ,
END:
 , ,1,1,1, , ,
 , ,0,0,0, , ,
0,0,0,0,0,1,0,
1,1,1,0,1,0,1,
0,0,1,1,0,1,1,
 , ,1,1,0, , ,
 , ,0,0,0, , ,
PAGODA:
 , ,1,1,1, , ,
 , ,0,0,0, , ,
1,0,1,1,1,1,0,
2,1,1,0,1,0,1,
2,1,1,1,2,1,1,
 , ,1,1,2, , ,
 , ,0,0,0, , ,
START:
 , ,1,1,0, , ,
 , ,1,0,1, , ,
1,0,1,0,1,0,1,
1,0,0,0,0,0,0,
1,0,1,1,1,1,1,
 , ,1,0,1, , ,
 , ,0,1,1, , ,
END:
 , ,0,0,0, , ,
 , ,1,1,0, , ,
0,0,0,0,1,1,0,
0,1,0,1,1,0,0,
1,0,1,0,1,1,0,
 , ,1,1,1, , ,
 , ,0,0,0, , ,
PAGODA:
 , ,2,0,2, , ,
 , ,3,3,1, , ,
3,2,2,1,3,3,0,
1,3,1,3,4,4,0,
3,1,2,1,2,3,0,
 , ,1,4,4, , ,
 , ,1,1,0, , ,
START:
 , ,1,1,0, , ,
 , ,1,0,0, , ,
1,1,0,1,0,1,0,
1,0,1,1,1,0,1,
1,1,0,1,1,0,1,
 , ,0,1,0, , ,
 , ,0,0,0, , ,
END:
 , ,0,0,1, , ,
 , ,1,0,1, , ,
0,1,0,1,0,1,0,
1,1,0,0,0,1,0,
0,0,0,1,0,1,0,
 , ,0,0,1, , ,
 , ,1,1,1, , ,
PAGODA:
 , ,2,2,1, , ,
 , ,1,2,1, , ,
0,1,1,1,1,1,0,
1,1,2,1,2,3,0,
0,1,1,1,1,1,0,
 , ,2,1,3, , ,
 , ,1,1,1, , ,
START:
 , ,1,1,0, , ,
 , ,0,1,0, , ,
1,1,0,0,1,0,1,
1,0,1,0,1,1,0,
1,0,1,1,0,0,0,
 , ,1,0,0, , ,
 , ,1,1,1, , ,
END:
 , ,0,0,1, , ,
 , ,0,0,0, , ,
0,0,0,1,0,1,0,
1,0,0,0,1,0,1,
0,1,0,0,1,1,1,
 , ,1,1,1, , ,
 , ,1,1,0, , ,
PAGODA:
 , ,1,0,1, , ,
 , ,0,1,0, , ,
0,1,1,1,1,1,0,
1,2,1,1,1,0,1,
1,1,2,1,1,1,1,
 , ,1,1,1, , ,
 , ,1,1,0, , ,
START:
 , ,0,1,0, , ,
 , ,1,1,0, , ,
1,1,1,0,0,1,0,
0,1,1,0,1,1,0,
0,0,1,1,1,1,0,
 , ,1,0,1, , ,
 , ,0,0,1, , ,
END:
 , ,0,0,0, , ,
 , ,0,0,0, , ,
1,0,1,0,1,0,1,
1,1,1,0,0,0,0,
1,1,0,1,0,0,1,
 , ,0,1,0, , ,
 , ,1,1,1, , ,
PAGODA:
 , ,1,0,1, , ,
 , ,1,2,1, , ,
1,1,1,2,2,1,1,
1,1,1,2,1,1,0,
1,1,1,1,1,0,1,
 , ,2,3,0, , ,
 , ,1,1,1, , ,
START:
 , ,1,1,1, , ,
 , ,1,1,0, , ,
1,1,0,1,0,0,1,
1,0,1,0,1,1,1,
0,1,0,0,1,0,1,
 , ,0,0,1, , ,
 , ,0,0,0, , ,
END:
 , ,1,0,1, , ,
 , ,0,0,0, , ,
0,0,0,0,1,0,0,
1,1,0,1,0,0,0,
0,1,1,1,0,1,1,
 , ,1,1,0, , ,
 , ,0,1,1, , ,
PAGODA:
 , ,1,0,1, , ,
 , ,2,2,3, , ,
3,1,2,1,3,4,0,
1,1,1,1,2,1,1,
3,1,3,1,2,3,1,
 , ,1,1,1, , ,
 , ,2,1,3, , ,
START:
 , ,1,0,0, , ,
 , ,0,1,0, , ,
1,1,1,1,1,0,0,
0,0,0,0,1,1,1,
0,1,0,0,1,1,1,
 , ,1,0,1, , ,
 , ,1,1,0, , ,
END:
 , ,0,1,1, , ,
 , ,0,0,1, , ,
0,1,0,1,1,1,0,
0,1,0,0,1,1,1,
1,0,1,0,0,1,0,
 , ,1,0,0, , ,
 , ,0,0,0, , ,
PAGODA:
 , ,0,1,1, , ,
 , ,2,2,1, , ,
0,1,0,1,1,1,0,
1,1,2,2,1,1,1,
1,0,1,1,0,1,0,
 , ,1,1,1, , ,
 , ,0,2,0, , ,
START:
 , ,0,0,1, , ,
 , ,1,0,0, , ,
1,0,0,1,0,1,1,
1,0,1,1,0,1,0,
0,1,1,1,0,1,1,
 , ,0,1,1, , ,
 , ,1,1,0, , ,
END:
 , ,1,0,1, , ,
 , ,0,1,0, , ,
1,0,0,1,1,0,0,
1,1,0,0,0,0,1,
1,0,0,0,1,0,0,
 , ,0,0,1, , ,
 , ,0,1,1, , ,
PAGODA:
 , ,1,0,1, , ,
 , ,0,1,0, , ,
1,1,1,1,1,1,0,
1,1,1,1,1,0,1,
1,0,1,1,1,1,0,
 , ,1,0,1, , ,
 , ,0,1,1, , ,
START:
 , ,0,1,1, , ,
 , ,0,0,1, , ,
1,1,0,0,1,0,1,
1,1,1,1,0,0,0,
1,0,1,0,1,1,1,
 , ,0,0,1, , ,
 , ,1,0,0, , ,
END:
 , ,1,0,1, , ,
 , ,0,1,0, , ,
1,1,1,0,0,0,0,
0,1,1,0,0,1,0,
1,1,0,0,1,0,0,
 , ,1,0,0, , ,
 , ,0,1,1, , ,
PAGODA:
 , ,1,0,1, , ,
 , ,2,1,2, , ,
3,1,3,1,2,3,0,
0,1,1,1,1,1,2,
3,1,2,1,3,2,1,
 , ,1,2,1, , ,
 , ,2,2,4, , ,
START:
 , ,0,1,1, , ,
 , ,0,0,0, , ,
1,0,1,0,0,0,0,
1,1,1,1,1,0,1,
0,0,1,0,1,0,1,
 , ,1,1,1, , ,
 , ,1,1,1, , ,
END:
 , ,1,1,1, , ,
 , ,1,0,1, , ,
0,0,1,1,0,0,0,
0,0,0,0,0,0,0,
0,1,0,1,1,1,0,
 , ,1,0,1, , ,
 , ,0,1,0, , ,
PAGODA:
 , ,1,1,1, , ,
 , ,1,2,3, , ,
1,3,1,3,4,5,0,
1,1,2,2,1,1,0,
2,2,1,2,3,4,0,
 , ,1,1,1, , ,
 , ,2,1,3, , ,
START:
 , ,1,1,1, , ,
 , ,1,0,1, , ,
0,0,1,0,1,1,1,
0,0,1,0,1,0,1,
1,0,0,0,1,0,1,
 , ,0,1,0, , ,
 , ,1,0,1, , ,
END:
 , ,0,1,1, , ,
 , ,1,0,0, , ,
0,1,0,0,0,1,0,
1,1,1,1,1,1,0,
0,0,1,1,0,1,0,
 , ,0,0,0, , ,
 , ,1,0,0, , ,
PAGODA:
 , ,0,1,1, , ,
 , ,1,2,0, , ,
0,1,0,1,1,1,0,
3,2,1,1,1,1,0,
2,1,1,1,0,1,0,
 , ,0,2,1, , ,
 , ,1,2,0, , ,
START:
 , ,1,1,1, , ,
 , ,0,1,1, , ,
1,1,0,0,1,1,1,
1,0,0,0,0,1,0,
0,0,0,1,1,1,0,
 , ,1,1,0, , ,
 , ,1,1,1, , ,
END:
 , ,1,1,1, , ,
 , ,0,0,0, , ,
1,0,0,0,1,0,0,
1,0,1,1,1,1,0,
0,0,0,0,0,0,0,
 , ,1,0,1, , ,
 , ,0,1,0, , ,
PAGODA:
 , ,1,1,1, , ,
 , ,0,0,0, , ,
1,0,1,1,1,1,0,
1,0,1,1,1,1,0,
0,0,0,0,0,0,0,
 , ,1,1,1, , ,
 , ,0,1,0, , ,
START:
 , ,0,1,0, , ,
 , ,1,0,1, , ,
0,0,0,1,1,1,1,
0,0,1,0,1,0,1,
1,1,0,1,0,1,0,
 , ,0,1,0, , ,
 , ,1,1,1, , ,
END:
 , ,0,1,1, , ,
 , ,1,1,0, , ,
1,1,0,0,1,1,0,
0,0,0,1,0,1,0,
1,0,0,0,1,1,0,
 , ,1,0,0, , ,
 , ,0,0,1, , ,
PAGODA:
 , ,0,1,1, , ,
 , ,2,2,1, , ,
1,1,2,1,2,3,0,
0,2,2,2,2,2,0,
1,0,1,1,2,3,0,
 , ,1,1,2, , ,
 , ,1,0,1, , ,
START:
 , ,0,0,1, , ,
 , ,0,1,0, , ,
1,0,1,0,0,0,1,
1,1,1,0,1,1,1,
1,1,1,0,0,0,1,
 , ,1,1,1, , ,
 , ,0,0,1, , ,
END:
 , ,1,1,1, , ,
 , ,1,1,0, , ,
0,1,1,1,1,1,0,
0,1,1,1,1,0,0,
0,0,0,0,0,0,0,
 , ,0,0,0, , ,
 , ,0,0,0, , ,
PAGODA:
 , ,1,1,1, , ,
 , ,1,1,0, , ,
0,1,1,1,1,1,0,
0,1,1,1,1,2,0,
0,1,0,1,0,1,0,
 , ,1,1,1, , ,
 , ,0,0,0, , ,
START:
 , ,0,1,1, , ,
 , ,0,0,1, , ,
1,1,1,1,0,0,0,
1,0,1,1,1,0,1,
0,1,0,1,0,1,1,
 , ,0,1,0, , ,
 , ,0,1,0, , ,
END:
 , ,1,0,1, , ,
 , ,0,0,1, , ,
0,1,0,0,0,0,1,
1,1,0,1,1,0,1,
1,0,1,0,0,0,1,
 , ,0,0,0, , ,
 , ,1,0,1, , ,
PAGODA:
 , ,1,0,1, , ,
 , ,2,1,1, , ,
0,1,0,1,1,0,1,
1,1,2,1,1,0,1,
1,0,1,1,1,0,1,
 , ,2,1,1, , ,
 , ,1,0,1, , ,
START:
 , ,1,0,0, , ,
 , ,1,0,0, , ,
1,0,0,0,0,1,1,
0,1,1,1,0,0,1,
0,1,1,1,1,1,0,
 , ,1,0,1, , ,
 , ,1,1,0, , ,
END:
 , ,0,1,1, , ,
 , ,1,1,0, , ,
0,1,0,0,0,1,1,
1,1,1,1,1,0,0,
0,0,1,0,1,0,0,
 , ,0,0,0, , ,
 , ,0,0,1, , ,
PAGODA:
 , ,0,1,1, , ,
 , ,2,3,0, , ,
1,1,2,2,1,1,1,
2,1,1,1,1,1,0,
2,2,1,1,1,2,1,
 , ,0,1,0, , ,
 , ,1,2,1, , ,
START:
 , ,1,1,0, , ,
 , ,0,0,0, , ,
1,1,1,1,1,1,0,
0,0,1,1,1,1,1,
0,1,0,1,0,1,1,
 , ,0,1,1, , ,
 , ,0,1,0, , ,
END:
 , ,1,0,1, , ,
 , ,0,0,1, , ,
0,1,1,0,1,0,0,
1,1,1,0,0,0,0,
0,0,0,0,1,0,0,
 , ,0,1,0, , ,
 , ,1,0,1, , ,
PAGODA:
 , ,1,0,1, , ,
 , ,2,3,2, , ,
0,1,1,2,3,3,0,
3,3,2,1,2,2,0,
2,0,2,1,3,4,0,
 , ,2,1,1, , ,
 , ,4,1,3, , ,
START:
 , ,1,0,1, , ,
 , ,0,0,1, , ,
0,1,1,0,1,0,0,
1,1,0,0,1,1,1,
1,0,0,0,1,0,1,
 , ,1,1,1, , ,
 , ,0,1,1, , ,
END:
 , ,1,0,1, , ,
 , ,0,1,1, , ,
0,1,0,0,0,0,0,
0,1,0,1,0,0,0,
0,1,1,0,0,0,1,
 , ,1,0,0, , ,
 , ,1,1,1, , ,
PAGODA:
 , ,1,0,1, , ,
 , ,1,4,1, , ,
1,1,2,3,1,3,0,
0,3,1,3,2,2,2,
1,3,3,3,1,2,1,
 , ,1,1,2, , ,
 , ,2,3,1, , ,
START:
 , ,0,1,1, , ,
 , ,0,1,1, , ,
0,1,1,1,0,0,0,
0,1,0,1,0,0,1,
0,0,0,1,0,0,1,
 , ,1,1,1, , ,
 , ,1,1,1, , ,
END:
 , ,0,1,1, , ,
 , ,1,0,0, , ,
0,0,1,0,1,0,0,
0,1,1,1,0,1,0,
1,0,1,1,1,0,0,
 , ,1,0,0, , ,
 , ,1,0,0, , ,
PAGODA:
 , ,0,1,1, , ,
 , ,3,1,3, , ,
2,1,1,2,3,3,0,
1,1,2,3,3,4,1,
3,1,2,1,3,2,1,
 , ,1,2,1, , ,
 , ,1,2,2, , ,
START:
 , ,1,1,1, , ,
 , ,1,0,1, , ,
0,0,0,1,1,0,1,
1,1,1,0,0,1,0,
0,1,1,0,0,0,1,
 , ,1,0,0, , ,
 , ,1,0,1, , ,
END:
 , ,0,0,1, , ,
 , ,1,0,1, , ,
0,1,1,1,0,1,0,
0,0,0,1,0,0,1,
0,1,1,0,1,0,0,
 , ,0,1,1, , ,
 , ,1,0,0, , ,
PAGODA:
 , ,2,1,1, , ,
 , ,1,1,1, , ,
0,1,1,1,2,2,0,
0,2,1,1,2,1,1,
0,1,1,2,1,2,0,
 , ,0,2,1, , ,
 , ,1,2,0, , ,
START:
 , ,1,0,1, , ,
 , ,0,1,0, , ,
1,1,0,1,0,1,0,
0,0,1,1,1,0,1,
0,0,0,0,1,1,1,
 , ,1,1,1, , ,
 , ,1,1,0, , ,
END:
 , ,0,1,1, , ,
 , ,0,0,1, , ,
1,0,0,1,0,1,0,
1,1,0,0,0,0,0,
1,0,1,1,0,0,0,
 , ,1,0,0, , ,
 , ,1,1,0, , ,
PAGODA:
 , ,0,1,1, , ,
 , ,1,2,1, , ,
1,2,1,2,2,3,0,
3,1,2,1,1,2,0,
3,1,3,3,1,2,0,
 , ,1,0,1, , ,
 , ,3,3,0, , ,
START:
 , ,0,1,1, , ,
 , ,1,1,1, , ,
1,0,0,0,0,0,0,
0,0,1,0,1,0,0,
1,0,1,0,0,1,1,
 , ,1,1,1, , ,
 , ,1,1,1, , ,
END:
 , ,1,0,1, , ,
 , ,0,0,0, , ,
0,1,1,0,1,0,0,
1,0,1,0,0,0,0,
1,1,1,1,0,1,0,
 , ,1,0,1, , ,
 , ,0,1,0, , ,
PAGODA:
 , ,1,0,1, , ,
 , ,1,3,4, , ,
0,2,1,3,4,5,0,
1,1,1,2,3,1,2,
1,3,1,4,1,5,0,
 , ,2,1,3, , ,
 , ,0,4,0, , ,
START:
 , ,1,0,0, , ,
 , ,1,1,1, , ,
1,0,0,0,1,0,0,
1,1,1,0,0,1,1,
0,1,1,1,0,0,1,
 , ,1,1,0, , ,
 , ,0,0,1, , ,
END:
 , ,0,1,1, , ,
 , ,1,0,1, , ,
1,0,0,0,1,0,0,
0,1,0,1,0,0,1,
1,0,0,1,1,1,0,
 , ,0,1,0, , ,
 , ,0,1,0, , ,
PAGODA:
 , ,0,1,1, , ,
 , ,1,0,1, , ,
1,1,1,1,1,2,0,
0,2,1,1,2,2,1,
1,2,1,1,1,1,0,
 , ,2,2,2, , ,
 , ,2,3,0, , ,
START:
 , ,1,0,0, , ,
 , ,0,0,1, , ,
0,1,0,0,1,1,1,
0,1,1,0,0,1,0,
1,0,0,1,1,0,1,
 , ,1,1,1, , ,
 , ,1,0,1, , ,
END:
 , ,1,1,1, , ,
 , ,1,0,1, , ,
0,1,0,0,0,1,0,
1,1,0,1,0,0,0,
1,0,0,0,0,1,0,
 , ,0,1,0, , ,
 , ,1,1,0, , ,
PAGODA:
 , ,1,1,1, , ,
 , ,1,4,1, , ,
0,1,1,1,1,1,0,
4,4,1,4,2,2,0,
3,1,2,2,1,1,0,
 , ,2,2,2, , ,
 , ,1,1,0, , ,
START:
 , ,0,0,0, , ,
 , ,0,0,0, , ,
0,1,1,1,0,0,1,
1,1,1,0,1,0,1,
1,0,1,1,0,1,1,
 , ,1,0,1, , ,
 , ,1,1,0, , ,
END:
 , ,1,0,1, , ,
 , ,1,0,0, , ,
1,0,1,0,1,0,0,
0,0,0,1,0,1,0,
1,0,1,1,0,1,1,
 , ,1,1,0, , ,
 , ,0,0,0, , ,
PAGODA:
 , ,1,0,1, , ,
 , ,1,3,1, , ,
1,1,1,2,2,3,0,
0,2,2,3,1,3,1,
1,0,1,1,2,1,1,
 , ,1,3,0, , ,
 , ,2,0,2, , ,
START:
 , ,0,1,0, , ,
 , ,1,1,1, , ,
1,1,1,0,0,1,1,
0,1,0,0,1,0,1,
0,1,1,0,0,1,0,
 , ,1,0,1, , ,
 , ,1,0,0, , ,
END:
 , ,1,1,1, , ,
 , ,0,0,0, , ,
0,0,1,0,0,1,0,
0,1,0,1,0,1,1,
0,1,1,1,0,0,0,
 , ,1,1,0, , ,
 , ,0,0,1, , ,
PAGODA:
 , ,1,1,1, , ,
 , ,0,0,0, , ,
1,0,1,1,1,1,0,
0,1,0,1,0,1,1,
1,1,1,1,1,2,0,
 , ,1,1,0, , ,
 , ,1,0,1, , ,
START:
 , ,1,0,0, , ,
 , ,0,0,0, , ,
1,0,0,1,1,1,1,
1,0,1,1,1,1,0,
1,1,0,1,1,0,1,
 , ,0,0,1, , ,
 , ,1,0,0, , ,
END:
 , ,0,1,1, , ,
 , ,1,0,0, , ,
0,0,0,0,0,0,0,
1,1,0,1,1,0,1,
0,1,1,0,1,0,0,
 , ,1,0,1, , ,
 , ,0,1,1, , ,
PAGODA:
 , ,0,1,1, , ,
 , ,1,2,0, , ,
0,2,0,2,1,1,0,
1,1,1,1,1,1,1,
0,1,1,2,1,2,0,
 , ,1,0,1, , ,
 , ,0,2,1, , ,
START:
 , ,1,1,0, , ,
 , ,1,0,0, , ,
1,0,1,1,1,1,1,
1,0,0,0,0,1,1,
0,0,0,1,1,1,0,
 , ,0,0,1, , ,
 , ,1,1,0, , ,
END:
 , ,0,0,1, , ,
 , ,1,0,1, , ,
1,0,0,1,0,0,1,
1,0,0,0,1,0,1,
0,0,0,0,0,0,1,
 , ,1,1,1, , ,
 , ,1,0,1, , ,
PAGODA:
 , ,1,0,1, , ,
 , ,1,2,1, , ,
1,2,1,1,2,1,1,
3,2,2,2,3,2,1,
0,2,1,1,2,2,1,
 , ,3,3,1, , ,
 , ,1,0,1, , ,
START:
 , ,1,1,0, , ,
 , ,0,0,0, , ,
1,1,0,1,0,1,1,
0,1,1,1,1,0,0,
1,0,1,1,0,1,1,
 , ,1,0,0, , ,
 , ,0,0,1, , ,
END:
 , ,0,0,1, , ,
 , ,0,1,1, , ,
0,1,0,0,1,1,0,
1,1,1,0,0,0,1,
0,0,0,0,1,0,0,
 , ,1,1,1, , ,
 , ,0,0,1, , ,
PAGODA:
 , ,1,0,1, , ,
 , ,0,1,1, , ,
0,1,1,0,1,1,0,
1,1,1,1,1,1,1,
1,0,1,1,1,2,0,
 , ,1,1,1, , ,
 , ,1,0,1, , ,
START:
 , ,0,1,1, , ,
 , ,1,0,1, , ,
1,0,1,0,0,1,1,
0,0,0,0,0,1,1,
0,1,1,1,0,1,0,
 , ,1,0,1, , ,
 , ,0,1,1, , ,
END:
 , ,1,0,1, , ,
 , ,0,0,0, , ,
0,0,0,0,0,0,1,
1,0,1,0,1,1,0,
1,1,0,1,1,1,0,
 , ,0,1,0, , ,
 , ,0,1,1, , ,
PAGODA:
 , ,1,0,1, , ,
 , ,0,2,1, , ,
2,2,1,2,2,1,1,
1,2,1,1,1,1,0,
1,1,2,3,2,1,1,
 , ,2,3,0, , ,
 , ,2,1,2, , ,
START:
 , ,1,1,1, , ,
 , ,1,0,1, , ,
0,0,0,1,1,1,1,
0,0,0,0,0,1,0,
1,1,0,1,0,0,0,
 , ,1,1,1, , ,
 , ,1,1,1, , ,
END:
 , ,0,0,1, , ,
 , ,0,1,1, , ,
0,1,0,0,1,0,0,
0,1,1,1,1,0,1,
0,1,0,1,0,0,0,
 , ,0,1,0, , ,
 , ,0,1,0, , ,
PAGODA:
 , ,1,0,1, , ,
 , ,0,1,1, , ,
0,1,1,0,1,1,0,
3,2,1,1,2,0,2,
2,1,2,1,2,1,2,
 , ,1,1,1, , ,
 , ,1,1,2, , ,
START:
 , ,0,1,0, , ,
 , ,1,1,0, , ,
1,1,0,0,1,0,0,
0,0,0,0,1,0,1,
0,1,1,1,1,1,1,
 , ,1,0,1, , ,
 , ,0,1,1, , ,
END:
 , ,0,0,1, , ,
 , ,1,0,1, , ,
1,0,1,0,0,1,0,
0,0,0,0,1,0,0,
1,1,1,0,0,1,0,
 , ,0,1,1, , ,
 , ,1,0,1, , ,
PAGODA:
 , ,2,1,1, , ,
 , ,1,1,1, , ,
1,0,1,1,0,1,0,
0,2,2,1,1,2,0,
1,1,1,1,0,1,0,
 , ,2,1,1, , ,
 , ,1,0,1, , ,
START:
 , ,0,1,1, , ,
 , ,1,1,0, , ,
1,0,1,0,1,1,0,
0,0,1,1,0,1,1,
0,0,0,0,1,0,1,
 , ,0,1,0, , ,
 , ,1,1,1, , ,
END:
 , ,0,1,1, , ,
 , ,0,0,1, , ,
1,1,0,1,0,0,1,
0,0,0,0,0,1,1,
0,1,0,1,0,0,0,
 , ,0,1,1, , ,
 , ,0,1,1, , ,
PAGODA:
 , ,0,3,1, , ,
 , ,2,1,1, , ,
1,2,1,3,1,2,1,
1,2,3,1,2,1,1,
2,3,3,3,1,2,0,
 , ,3,2,1, , ,
 , ,0,3,1, , ,
START:
 , ,1,0,1, , ,
 , ,1,0,1, , ,
1,0,0,1,1,1,1,
1,1,1,0,1,1,0,
0,1,1,1,1,0,0,
 , ,0,0,0, , ,
 , ,1,0,0, , ,
END:
 , ,0,0,1, , ,
 , ,0,1,0, , ,
0,1,1,0,1,1,0,
0,1,0,0,0,1,1,
0,1,0,0,1,0,1,
 , ,1,0,1, , ,
 , ,0,0,0, , ,
PAGODA:
 , ,1,0,1, , ,
 , ,1,1,0, , ,
0,1,1,1,1,1,0,
0,3,1,2,1,1,1,
0,1,1,0,1,0,1,
 , ,1,2,1, , ,
 , ,0,0,0, , ,
START:
 , ,1,0,1, , ,
 , ,1,0,1, , ,
0,1,1,0,0,0,0,
0,0,1,1,1,1,1,
0,1,1,0,1,0,1,
 , ,0,0,1, , ,
 , ,1,0,1, , ,
END:
 , ,0,1,1, , ,
 , ,0,0,1, , ,
1,1,1,1,1,0,0,
0,0,1,1,0,0,0,
0,1,0,0,0,1,0,
 , ,0,0,0, , ,
 , ,1,1,1, , ,
PAGODA:
 , ,0,1,1, , ,
 , ,1,0,1, , ,
1,1,1,1,1,2,0,
1,0,1,1,0,1,0,
1,1,2,1,1,1,0,
 , ,2,2,0, , ,
 , ,1,1,1, , ,
START:
 , ,0,1,1, , ,
 , ,1,1,1, , ,
0,1,0,1,1,1,1,
0,1,0,0,1,1,0,
0,0,1,0,1,0,1,
 , ,0,1,0, , ,
 , ,0,0,1, , ,
END:
 , ,1,0,1, , ,
 , ,1,1,1, , ,
0,0,1,0,1,0,0,
1,1,0,0,0,1,0,
0,0,0,1,1,1,0,
 , ,0,1,1, , ,
 , ,0,0,0, , ,
PAGODA:
 , ,1,0,1, , ,
 , ,1,1,1, , ,
1,0,1,1,1,1,0,
1,1,2,2,1,1,0,
2,1,2,1,1,1,0,
 , ,2,2,1, , ,
 , ,3,3,0, , ,
START:
 , ,0,0,1, , ,
 , ,1,0,1, , ,
1,1,1,1,1,0,0,
1,1,1,1,0,0,1,
0,0,0,1,0,1,0,
 , ,1,0,1, , ,
 , ,0,0,1, , ,
END:
 , ,0,1,1, , ,
 , ,1,1,0, , ,
0,0,1,1,1,1,0,
0,1,0,1,1,1,0,
0,0,0,0,1,1,0,
 , ,0,0,0, , ,
 , ,1,0,0, , ,
PAGODA:
 , ,0,1,1, , ,
 , ,1,1,0, , ,
2,2,1,1,1,1,0,
0,1,1,1,1,1,0,
2,1,2,1,1,1,0,
 , ,0,2,0, , ,
 , ,2,2,1, , ,
